es100-res
0.41 458.2
0.42 436.6
0.41 399.7
0.41 360.7
0.41 322.3
0.41 282.8
0.41 82.0
0.25 0.6

es500-res
1.24 131.0
1.25 118.9
1.25 79.3
1.24 41.0
1.22 3.9
1.0 1.3
0.5 1.4
0.25 2.4

es1000-res
1.67 90.4
1.67 78.8
1.67 39.6
1.62 3.9
1.24 1.4
0.99 1.5
0.5 2.5
0.25 4.5

es5000-res
2.27 72.3
2.27 57.9
2.25 11.8
1.64 4.7
1.24 5.7
0.99 6.7
0.5 11.7
0.25 21.7

es10000-res
2.19 143.3
2.2 122.7
2.19 29.6
1.64 10.2
1.24 11.7
0.99 13.5
0.5 23.4
0.25 43.2

es20000-res
2.09 321.9
2.1 263.7
2.07 80.8
1.64 19.4
1.23 23.5
0.99 27.2
0.5 46.5
0.25 86.1

