es100-res
0.39 483.2
0.39 475.0
0.39 433.4
0.38 394.9
0.39 355.5
0.38 317.4
0.39 115.1
0.25 2.9

es500-res
0.89 195.3
0.9 180.1
0.89 141.6
0.89 102.3
0.89 64.3
0.89 24.8
0.5 3.4
0.25 2.5

es1000-res
1.05 159.3
1.06 146.6
1.06 107.5
1.06 67.9
1.05 29.1
0.99 5.3
0.5 5.5
0.25 4.8

es5000-res
1.26 155.2
1.27 141.2
1.26 94.9
1.25 47.7
1.2 10.4
0.98 9.5
0.49 13.6
0.25 22.7

es10000-res
1.3 301.4
1.29 274.4
1.28 181.4
1.28 88.0
1.22 15.0
0.98 16.3
0.5 25.1
0.25 44.7

es20000-res
1.25 631.3
1.25 573.7
1.24 387.4
1.23 202.6
1.22 27.5
0.98 30.1
0.5 49.3
0.25 88.8

