es100-res
0.41 458.1
0.41 442.9
0.41 401.3
0.41 369.2
0.41 320.2
0.41 285.6
0.41 89.9
0.25 9.4

es500-res
1.22 135.3
1.21 123.3
1.2 84.8
1.19 46.5
1.2 6.6
1.0 4.0
0.5 2.6
0.25 2.4

es1000-res
1.6 95.6
1.59 84.8
1.58 45.6
1.59 5.8
1.24 2.9
0.99 3.9
0.5 11.1
0.25 4.6

es5000-res
2.13 78.9
2.13 65.2
1.81 36.3
1.63 7.5
1.23 13.3
0.98 7.9
0.5 15.5
0.25 22.1

es10000-res
1.73 210.4
1.73 181.3
1.71 89.0
1.63 10.6
1.23 16.7
0.99 14.2
0.5 24.4
0.25 44.1

es20000-res
1.69 431.3
1.7 371.2
1.64 203.2
1.63 21.3
1.23 24.6
0.99 28.3
0.5 48.1
0.25 87.5

